Level	Rogue	Druid	Hunter	Mage	Paladin	Priest	Shaman	Warlock	Warrior	Death Knight	Monk	Demon Hunter
1	0	31	0	155	31	155	31	155	0	0	155	0
2	0	34	0	170	34	170	34	170	0	0	170	0
3	0	36	0	180	36	180	36	180	0	0	180	0
4	0	42	0	210	42	210	42	210	0	0	210	0
5	0	71	0	355	71	355	71	355	0	0	355	0
6	0	101	0	505	101	505	101	505	0	0	505	0
7	0	104	0	520	104	520	104	520	0	0	520	0
8	0	137	0	685	137	685	137	685	0	0	685	0
9	0	140	0	700	140	700	140	700	0	0	700	0
10	0	173	0	865	173	865	173	865	0	0	865	0
11	0	176	0	880	176	880	176	880	0	0	880	0
12	0	212	0	1060	212	1060	212	1060	0	0	1060	0
13	0	220	0	1100	220	1100	220	1100	0	0	1100	0
14	0	252	0	1260	252	1260	252	1260	0	0	1260	0
15	0	256	0	1280	256	1280	256	1280	0	0	1280	0
16	0	292	0	1460	292	1460	292	1460	0	0	1460	0
17	0	298	0	1490	298	1490	298	1490	0	0	1490	0
18	0	334	0	1670	334	1670	334	1670	0	0	1670	0
19	0	362	0	1810	362	1810	362	1810	0	0	1810	0
20	0	400	0	2000	400	2000	400	2000	0	0	2000	0
21	0	420	0	2100	420	2100	420	2100	0	0	2100	0
22	0	460	0	2300	460	2300	460	2300	0	0	2300	0
23	0	480	0	2400	480	2400	480	2400	0	0	2400	0
24	0	520	0	2600	520	2600	520	2600	0	0	2600	0
25	0	580	0	2900	580	2900	580	2900	0	0	2900	0
26	0	620	0	3100	620	3100	620	3100	0	0	3100	0
27	0	620	0	3100	620	3100	620	3100	0	0	3100	0
28	0	660	0	3300	660	3300	660	3300	0	0	3300	0
29	0	740	0	3700	740	3700	740	3700	0	0	3700	0
30	0	780	0	3900	780	3900	780	3900	0	0	3900	0
31	0	780	0	3900	780	3900	780	3900	0	0	3900	0
32	0	840	0	4200	840	4200	840	4200	0	0	4200	0
33	0	880	0	4400	880	4400	880	4400	0	0	4400	0
34	0	940	0	4700	940	4700	940	4700	0	0	4700	0
35	0	980	0	4900	980	4900	980	4900	0	0	4900	0
36	0	1020	0	5100	1020	5100	1020	5100	0	0	5100	0
37	0	1040	0	5200	1040	5200	1040	5200	0	0	5200	0
38	0	1080	0	5400	1080	5400	1080	5400	0	0	5400	0
39	0	1180	0	5900	1180	5900	1180	5900	0	0	5900	0
40	0	1240	0	6200	1240	6200	1240	6200	0	0	6200	0
41	0	1240	0	6200	1240	6200	1240	6200	0	0	6200	0
42	0	1300	0	6500	1300	6500	1300	6500	0	0	6500	0
43	0	1360	0	6800	1360	6800	1360	6800	0	0	6800	0
44	0	1420	0	7100	1420	7100	1420	7100	0	0	7100	0
45	0	1480	0	7400	1480	7400	1480	7400	0	0	7400	0
46	0	1540	0	7700	1540	7700	1540	7700	0	0	7700	0
47	0	1600	0	8000	1600	8000	1600	8000	0	0	8000	0
48	0	1660	0	8300	1660	8300	1660	8300	0	0	8300	0
49	0	1720	0	8600	1720	8600	1720	8600	0	0	8600	0
50	0	1780	0	8900	1780	8900	1780	8900	0	0	8900	0
51	0	1840	0	9200	1840	9200	1840	9200	0	0	9200	0
52	0	1920	0	9600	1920	9600	1920	9600	0	0	9600	0
53	0	1940	0	9700	1940	9700	1940	9700	0	0	9700	0
54	0	2040	0	10200	2040	10200	2040	10200	0	0	10200	0
55	0	2060	0	10300	2060	10300	2060	10300	0	0	10300	0
56	0	2140	0	10700	2140	10700	2140	10700	0	0	10700	0
57	0	2200	0	11000	2200	11000	2200	11000	0	0	11000	0
58	0	2280	0	11400	2280	11400	2280	11400	0	0	11400	0
59	0	2360	0	11800	2360	11800	2360	11800	0	0	11800	0
60	0	2420	0	12100	2420	12100	2420	12100	0	0	12100	0
61	0	2600	0	13000	2600	13000	2600	13000	0	0	13000	0
62	0	2760	0	13800	2760	13800	2760	13800	0	0	13800	0
63	0	2920	0	14600	2920	14600	2920	14600	0	0	14600	0
64	0	2940	0	14700	2940	14700	2940	14700	0	0	14700	0
65	0	3020	0	15100	3020	15100	3020	15100	0	0	15100	0
66	0	3020	0	15100	3020	15100	3020	15100	0	0	15100	0
67	0	3080	0	15400	3080	15400	3080	15400	0	0	15400	0
68	0	3100	0	15500	3100	15500	3100	15500	0	0	15500	0
69	0	3260	0	16300	3260	16300	3260	16300	0	0	16300	0
70	0	3380	0	16900	3380	16900	3380	16900	0	0	16900	0
71	0	3520	0	17600	3520	17600	3520	17600	0	0	17600	0
72	0	3700	0	18500	3700	18500	3700	18500	0	0	18500	0
73	0	3860	0	19300	3860	19300	3860	19300	0	0	19300	0
74	0	3880	0	19400	3880	19400	3880	19400	0	0	19400	0
75	0	4060	0	20300	4060	20300	4060	20300	0	0	20300	0
76	0	4180	0	20900	4180	20900	4180	20900	0	0	20900	0
77	0	4360	0	21800	4360	21800	4360	21800	0	0	21800	0
78	0	4600	0	23000	4600	23000	4600	23000	0	0	23000	0
79	0	4680	0	23400	4680	23400	4680	23400	0	0	23400	0
80	0	4880	0	24400	4880	24400	4880	24400	0	0	24400	0
81	0	5100	0	25500	5100	25500	5100	25500	0	0	25500	0
82	0	5280	0	26400	5280	26400	5280	26400	0	0	26400	0
83	0	5520	0	27600	5520	27600	5520	27600	0	0	27600	0
84	0	5780	0	28900	5780	28900	5780	28900	0	0	28900	0
85	0	6000	0	30000	6000	30000	6000	30000	0	0	30000	0
86	0	6400	0	32000	6400	32000	6400	32000	0	0	32000	0
87	0	6600	0	33000	6600	33000	6600	33000	0	0	33000	0
88	0	6800	0	34000	6800	34000	6800	34000	0	0	34000	0
89	0	7200	0	36000	7200	36000	7200	36000	0	0	36000	0
90	0	7400	0	37000	7400	37000	7400	37000	0	0	37000	0
91	0	10200	0	51000	10200	51000	10200	51000	0	0	51000	0
92	0	13000	0	65000	13000	65000	13000	65000	0	0	65000	0
93	0	15600	0	78000	15600	78000	15600	78000	0	0	78000	0
94	0	19400	0	97000	19400	97000	19400	97000	0	0	97000	0
95	0	24000	0	120000	24000	120000	24000	120000	0	0	120000	0
96	0	27600	0	138000	27600	138000	27600	138000	0	0	138000	0
97	0	28800	0	144000	28800	144000	28800	144000	0	0	144000	0
98	0	30000	0	150000	30000	150000	30000	150000	0	0	150000	0
99	0	31000	0	155000	31000	155000	31000	155000	0	0	155000	0
100	0	32000	0	160000	32000	160000	32000	160000	0	0	160000	0
101	0	76000	0	380000	76000	380000	76000	380000	0	0	380000	0
102	0	86000	0	430000	86000	430000	86000	430000	0	0	430000	0
103	0	100000	0	500000	100000	500000	100000	500000	0	0	500000	0
104	0	114000	0	570000	114000	570000	114000	570000	0	0	570000	0
105	0	128000	0	640000	128000	640000	128000	640000	0	0	640000	0
106	0	140000	0	700000	140000	700000	140000	700000	0	0	700000	0
107	0	160000	0	800000	160000	800000	160000	800000	0	0	800000	0
108	0	180000	0	900000	180000	900000	180000	900000	0	0	900000	0
109	0	200000	0	1000000	200000	1000000	200000	1000000	0	0	1000000	0
110	0	220000	0	1100000	220000	1100000	220000	1100000	0	0	1100000	0
111	0	220000	0	1100000	220000	1100000	220000	1100000	0	0	1100000	0
112	0	220000	0	1100000	220000	1100000	220000	1100000	0	0	1100000	0
113	0	220000	0	1100000	220000	1100000	220000	1100000	0	0	1100000	0
114	0	220000	0	1100000	220000	1100000	220000	1100000	0	0	1100000	0
115	0	220000	0	1100000	220000	1100000	220000	1100000	0	0	1100000	0
116	0	220000	0	1100000	220000	1100000	220000	1100000	0	0	1100000	0
117	0	220000	0	1100000	220000	1100000	220000	1100000	0	0	1100000	0
118	0	220000	0	1100000	220000	1100000	220000	1100000	0	0	1100000	0
119	0	220000	0	1100000	220000	1100000	220000	1100000	0	0	1100000	0
120	0	220000	0	1100000	220000	1100000	220000	1100000	0	0	1100000	0
121	0	220000	0	1100000	220000	1100000	220000	1100000	0	0	1100000	0
122	0	220000	0	1100000	220000	1100000	220000	1100000	0	0	1100000	0
123	0	220000	0	1100000	220000	1100000	220000	1100000	0	0	1100000	0
