Item Level	Armor Multiplier	Weapon Multiplier	Trinket Multiplier	Jewelry Multiplier
1	1	1	1	1
2	1	1	1	1
3	1	1	1	1
4	1	1	1	1
5	1	1	1	1
6	1	1	1	1
7	1	1	1	1
8	1	1	1	1
9	1	1	1	1
10	1	1	1	1
11	1	1	1	1
12	1	1	1	1
13	1	1	1	1
14	1	1	1	1
15	1	1	1	1
16	1	1	1	1
17	1	1	1	1
18	1	1	1	1
19	1	1	1	1
20	1	1	1	1
21	1	1	1	1
22	1	1	1	1
23	1	1	1	1
24	1	1	1	1
25	1	1	1	1
26	1	1	1	1
27	1	1	1	1
28	1	1	1	1
29	1	1	1	1
30	1	1	1	1
31	1	1	1	1
32	1	1	1	1
33	1	1	1	1
34	1	1	1	1
35	1	1	1	1
36	1	1	1	1
37	1	1	1	1
38	1	1	1	1
39	1	1	1	1
40	1	1	1	1
41	1	1	1	1
42	1	1	1	1
43	1	1	1	1
44	1	1	1	1
45	1	1	1	1
46	1	1	1	1
47	1	1	1	1
48	1	1	1	1
49	1	1	1	1
50	1	1	1	1
51	1	1	1	1
52	1	1	1	1
53	1	1	1	1
54	1	1	1	1
55	1	1	1	1
56	1	1	1	1
57	1	1	1	1
58	1	1	1	1
59	1	1	1	1
60	1	1	1	1
61	1	1	1	1
62	1	1	1	1
63	1	1	1	1
64	1	1	1	1
65	1	1	1	1
66	1	1	1	1
67	1	1	1	1
68	1	1	1	1
69	1	1	1	1
70	1	1	1	1
71	1	1	1	1
72	1	1	1	1
73	1	1	1	1
74	1	1	1	1
75	1	1	1	1
76	1	1	1	1
77	1	1	1	1
78	1	1	1	1
79	1	1	1	1
80	1	1	1	1
81	1	1	1	1
82	1	1	1	1
83	1	1	1	1
84	1	1	1	1
85	1	1	1	1
86	1	1	1	1
87	1	1	1	1
88	1	1	1	1
89	1	1	1	1
90	1	1	1	1
91	1	1	1	1
92	1	1	1	1
93	1	1	1	1
94	1	1	1	1
95	1	1	1	1
96	1	1	1	1
97	1	1	1	1
98	1	1	1	1
99	1	1	1	1
100	1	1	1	1
101	1	1	1	1
102	1	1	1	1
103	1	1	1	1
104	1	1	1	1
105	1	1	1	1
106	1	1	1	1
107	1	1	1	1
108	1	1	1	1
109	1	1	1	1
110	1	1	1	1
111	1	1	1	1
112	1	1	1	1
113	1	1	1	1
114	1	1	1	1
115	1	1	1	1
116	1	1	1	1
117	1	1	1	1
118	1	1	1	1
119	1	1	1	1
120	1	1	1	1
121	1	1	1	1
122	1	1	1	1
123	1	1	1	1
124	1	1	1	1
125	1	1	1	1
126	1	1	1	1
127	1	1	1	1
128	1	1	1	1
129	1	1	1	1
130	1	1	1	1
131	1	1	1	1
132	1	1	1	1
133	1	1	1	1
134	1	1	1	1
135	1	1	1	1
136	1	1	1	1
137	1	1	1	1
138	1	1	1	1
139	1	1	1	1
140	1	1	1	1
141	1	1	1	1
142	1	1	1	1
143	1	1	1	1
144	1	1	1	1
145	1	1	1	1
146	1	1	1	1
147	1	1	1	1
148	1	1	1	1
149	1	1	1	1
150	1	1	1	1
151	1	1	1	1
152	1	1	1	1
153	1	1	1	1
154	1	1	1	1
155	1	1	1	1
156	1	1	1	1
157	1	1	1	1
158	1	1	1	1
159	1	1	1	1
160	1	1	1	1
161	1	1	1	1
162	1	1	1	1
163	1	1	1	1
164	1	1	1	1
165	1	1	1	1
166	1	1	1	1
167	1	1	1	1
168	1	1	1	1
169	1	1	1	1
170	1	1	1	1
171	1	1	1	1
172	1	1	1	1
173	1	1	1	1
174	1	1	1	1
175	1	1	1	1
176	1	1	1	1
177	1	1	1	1
178	1	1	1	1
179	1	1	1	1
180	1	1	1	1
181	1	1	1	1
182	1	1	1	1
183	1	1	1	1
184	1	1	1	1
185	1	1	1	1
186	1	1	1	1
187	1	1	1	1
188	1	1	1	1
189	1	1	1	1
190	1	1	1	1
191	1	1	1	1
192	1	1	1	1
193	1	1	1	1
194	1	1	1	1
195	1	1	1	1
196	1	1	1	1
197	1	1	1	1
198	1	1	1	1
199	1	1	1	1
200	1	1	1	1
201	1	1	1	1
202	1	1	1	1
203	1	1	1	1
204	1	1	1	1
205	1	1	1	1
206	1	1	1	1
207	1	1	1	1
208	1	1	1	1
209	1	1	1	1
210	1	1	1	1
211	1	1	1	1
212	1	1	1	1
213	1	1	1	1
214	1	1	1	1
215	1	1	1	1
216	1	1	1	1
217	1	1	1	1
218	1	1	1	1
219	1	1	1	1
220	1	1	1	1
221	1	1	1	1
222	1	1	1	1
223	1	1	1	1
224	1	1	1	1
225	1	1	1	1
226	1	1	1	1
227	1	1	1	1
228	1	1	1	1
229	1	1	1	1
230	1	1	1	1
231	1	1	1	1
232	1	1	1	1
233	1	1	1	1
234	1	1	1	1
235	1	1	1	1
236	1	1	1	1
237	1	1	1	1
238	1	1	1	1
239	1	1	1	1
240	1	1	1	1
241	1	1	1	1
242	1	1	1	1
243	1	1	1	1
244	1	1	1	1
245	1	1	1	1
246	1	1	1	1
247	1	1	1	1
248	1	1	1	1
249	1	1	1	1
250	1	1	1	1
251	1	1	1	1
252	1	1	1	1
253	1	1	1	1
254	1	1	1	1
255	1	1	1	1
256	1	1	1	1
257	1	1	1	1
258	1	1	1	1
259	1	1	1	1
260	1	1	1	1
261	1	1	1	1
262	1	1	1	1
263	1	1	1	1
264	1	1	1	1
265	1	1	1	1
266	1	1	1	1
267	1	1	1	1
268	1	1	1	1
269	1	1	1	1
270	1	1	1	1
271	1	1	1	1
272	1	1	1	1
273	1	1	1	1
274	1	1	1	1
275	1	1	1	1
276	1	1	1	1
277	1	1	1	1
278	1	1	1	1
279	1	1	1	1
280	1	1	1	1
281	1	1	1	1
282	1	1	1	1
283	1	1	1	1
284	1	1	1	1
285	1	1	1	1
286	1	1	1	1
287	1	1	1	1
288	1	1	1	1
289	1	1	1	1
290	1	1	1	1
291	1	1	1	1
292	1	1	1	1
293	1	1	1	1
294	1	1	1	1
295	1	1	1	1
296	1	1	1	1
297	1	1	1	1
298	1	1	1	1
299	1	1	1	1
300	1	1	1	1
301	1	1	1	1
302	1	1	1	1
303	1	1	1	1
304	1	1	1	1
305	1	1	1	1
306	1	1	1	1
307	1	1	1	1
308	1	1	1	1
309	1	1	1	1
310	1	1	1	1
311	1	1	1	1
312	1	1	1	1
313	1	1	1	1
314	1	1	1	1
315	1	1	1	1
316	1	1	1	1
317	1	1	1	1
318	1	1	1	1
319	1	1	1	1
320	1	1	1	1
321	1	1	1	1
322	1	1	1	1
323	1	1	1	1
324	1	1	1	1
325	1	1	1	1
326	1	1	1	1
327	1	1	1	1
328	1	1	1	1
329	1	1	1	1
330	1	1	1	1
331	1	1	1	1
332	1	1	1	1
333	1	1	1	1
334	1	1	1	1
335	1	1	1	1
336	1	1	1	1
337	1	1	1	1
338	1	1	1	1
339	1	1	1	1
340	1	1	1	1
341	1	1	1	1
342	1	1	1	1
343	1	1	1	1
344	1	1	1	1
345	1	1	1	1
346	1	1	1	1
347	1	1	1	1
348	1	1	1	1
349	1	1	1	1
350	1	1	1	1
351	1	1	1	1
352	1	1	1	1
353	1	1	1	1
354	1	1	1	1
355	1	1	1	1
356	1	1	1	1
357	1	1	1	1
358	1	1	1	1
359	1	1	1	1
360	1	1	1	1
361	1	1	1	1
362	1	1	1	1
363	1	1	1	1
364	1	1	1	1
365	1	1	1	1
366	1	1	1	1
367	1	1	1	1
368	1	1	1	1
369	1	1	1	1
370	1	1	1	1
371	1	1	1	1
372	1	1	1	1
373	1	1	1	1
374	1	1	1	1
375	1	1	1	1
376	1	1	1	1
377	1	1	1	1
378	1	1	1	1
379	1	1	1	1
380	1	1	1	1
381	1	1	1	1
382	1	1	1	1
383	1	1	1	1
384	1	1	1	1
385	1	1	1	1
386	1	1	1	1
387	1	1	1	1
388	1	1	1	1
389	1	1	1	1
390	1	1	1	1
391	1	1	1	1
392	1	1	1	1
393	1	1	1	1
394	1	1	1	1
395	1	1	1	1
396	1	1	1	1
397	1	1	1	1
398	1	1	1	1
399	1	1	1	1
400	1	1	1	1
401	1	1	1	1
402	1	1	1	1
403	1	1	1	1
404	1	1	1	1
405	1	1	1	1
406	1	1	1	1
407	1	1	1	1
408	1	1	1	1
409	1	1	1	1
410	1	1	1	1
411	1	1	1	1
412	1	1	1	1
413	1	1	1	1
414	1	1	1	1
415	1	1	1	1
416	1	1	1	1
417	1	1	1	1
418	1	1	1	1
419	1	1	1	1
420	1	1	1	1
421	1	1	1	1
422	1	1	1	1
423	1	1	1	1
424	1	1	1	1
425	1	1	1	1
426	1	1	1	1
427	1	1	1	1
428	1	1	1	1
429	1	1	1	1
430	1	1	1	1
431	1	1	1	1
432	1	1	1	1
433	1	1	1	1
434	1	1	1	1
435	1	1	1	1
436	1	1	1	1
437	1	1	1	1
438	1	1	1	1
439	1	1	1	1
440	1	1	1	1
441	1	1	1	1
442	1	1	1	1
443	1	1	1	1
444	1	1	1	1
445	1	1	1	1
446	1	1	1	1
447	1	1	1	1
448	1	1	1	1
449	1	1	1	1
450	1	1	1	1
451	1	1	1	1
452	1	1	1	1
453	1	1	1	1
454	1	1	1	1
455	1	1	1	1
456	1	1	1	1
457	1	1	1	1
458	1	1	1	1
459	1	1	1	1
460	1	1	1	1
461	1	1	1	1
462	1	1	1	1
463	1	1	1	1
464	1	1	1	1
465	1	1	1	1
466	1	1	1	1
467	1	1	1	1
468	1	1	1	1
469	1	1	1	1
470	1	1	1	1
471	1	1	1	1
472	1	1	1	1
473	1	1	1	1
474	1	1	1	1
475	1	1	1	1
476	1	1	1	1
477	1	1	1	1
478	1	1	1	1
479	1	1	1	1
480	1	1	1	1
481	1	1	1	1
482	1	1	1	1
483	1	1	1	1
484	1	1	1	1
485	1	1	1	1
486	1	1	1	1
487	1	1	1	1
488	1	1	1	1
489	1	1	1	1
490	1	1	1	1
491	1	1	1	1
492	1	1	1	1
493	1	1	1	1
494	1	1	1	1
495	1	1	1	1
496	1	1	1	1
497	1	1	1	1
498	1	1	1	1
499	1	1	1	1
500	1	1	1	1
501	1	1	1	1
502	1	1	1	1
503	1	1	1	1
504	1	1	1	1
505	1	1	1	1
506	1	1	1	1
507	1	1	1	1
508	1	1	1	1
509	1	1	1	1
510	1	1	1	1
511	1	1	1	1
512	1	1	1	1
513	1	1	1	1
514	1	1	1	1
515	1	1	1	1
516	1	1	1	1
517	1	1	1	1
518	1	1	1	1
519	1	1	1	1
520	1	1	1	1
521	1	1	1	1
522	1	1	1	1
523	1	1	1	1
524	1	1	1	1
525	1	1	1	1
526	1	1	1	1
527	1	1	1	1
528	1	1	1	1
529	1	1	1	1
530	1	1	1	1
531	1	1	1	1
532	1	1	1	1
533	1	1	1	1
534	1	1	1	1
535	1	1	1	1
536	1	1	1	1
537	1	1	1	1
538	1	1	1	1
539	1	1	1	1
540	1	1	1	1
541	1	1	1	1
542	1	1	1	1
543	1	1	1	1
544	1	1	1	1
545	1	1	1	1
546	1	1	1	1
547	1	1	1	1
548	1	1	1	1
549	1	1	1	1
550	1	1	1	1
551	1	1	1	1
552	1	1	1	1
553	1	1	1	1
554	1	1	1	1
555	1	1	1	1
556	1	1	1	1
557	1	1	1	1
558	1	1	1	1
559	1	1	1	1
560	1	1	1	1
561	1	1	1	1
562	1	1	1	1
563	1	1	1	1
564	1	1	1	1
565	1	1	1	1
566	1	1	1	1
567	1	1	1	1
568	1	1	1	1
569	1	1	1	1
570	1	1	1	1
571	1	1	1	1
572	1	1	1	1
573	1	1	1	1
574	1	1	1	1
575	1	1	1	1
576	1	1	1	1
577	1	1	1	1
578	1	1	1	1
579	1	1	1	1
580	1	1	1	1
581	1	1	1	1
582	1	1	1	1
583	1	1	1	1
584	1	1	1	1
585	1	1	1	1
586	1	1	1	1
587	1	1	1	1
588	1	1	1	1
589	1	1	1	1
590	1	1	1	1
591	1	1	1	1
592	1	1	1	1
593	1	1	1	1
594	1	1	1	1
595	1	1	1	1
596	1	1	1	1
597	1	1	1	1
598	1	1	1	1
599	1	1	1	1
600	1	1	1	1
601	1	1	1	1
602	1	1	1	1
603	1	1	1	1
604	1	1	1	1
605	1	1	1	1
606	1	1	1	1
607	1	1	1	1
608	1	1	1	1
609	1	1	1	1
610	1	1	1	1
611	1	1	1	1
612	1	1	1	1
613	1	1	1	1
614	1	1	1	1
615	1	1	1	1
616	1	1	1	1
617	1	1	1	1
618	1	1	1	1
619	1	1	1	1
620	1	1	1	1
621	1	1	1	1
622	1	1	1	1
623	1	1	1	1
624	1	1	1	1
625	1	1	1	1
626	1	1	1	1
627	1	1	1	1
628	1	1	1	1
629	1	1	1	1
630	1	1	1	1
631	1	1	1	1
632	1	1	1	1
633	1	1	1	1
634	1	1	1	1
635	1	1	1	1
636	1	1	1	1
637	1	1	1	1
638	1	1	1	1
639	1	1	1	1
640	1	1	1	1
641	1	1	1	1
642	1	1	1	1
643	1	1	1	1
644	1	1	1	1
645	1	1	1	1
646	1	1	1	1
647	1	1	1	1
648	1	1	1	1
649	1	1	1	1
650	1	1	1	1
651	1	1	1	1
652	1	1	1	1
653	1	1	1	1
654	1	1	1	1
655	1	1	1	1
656	1	1	1	1
657	1	1	1	1
658	1	1	1	1
659	1	1	1	1
660	1	1	1	1
661	1	1	1	1
662	1	1	1	1
663	1	1	1	1
664	1	1	1	1
665	1	1	1	1
666	1	1	1	1
667	1	1	1	1
668	1	1	1	1
669	1	1	1	1
670	1	1	1	1
671	1	1	1	1
672	1	1	1	1
673	1	1	1	1
674	1	1	1	1
675	1	1	1	1
676	1	1	1	1
677	1	1	1	1
678	1	1	1	1
679	1	1	1	1
680	1	1	1	1
681	1	1	1	1
682	1	1	1	1
683	1	1	1	1
684	1	1	1	1
685	1	1	1	1
686	1	1	1	1
687	1	1	1	1
688	1	1	1	1
689	1	1	1	1
690	1	1	1	1
691	1	1	1	1
692	1	1	1	1
693	1	1	1	1
694	1	1	1	1
695	1	1	1	1
696	1	1	1	1
697	1	1	1	1
698	1	1	1	1
699	1	1	1	1
700	1	1	1	1
701	1	1	1	1
702	1	1	1	1
703	1	1	1	1
704	1	1	1	1
705	1	1	1	1
706	1	1	1	1
707	1	1	1	1
708	1	1	1	1
709	1	1	1	1
710	1	1	1	1
711	1	1	1	1
712	1	1	1	1
713	1	1	1	1
714	1	1	1	1
715	1	1	1	1
716	1	1	1	1
717	1	1	1	1
718	1	1	1	1
719	1	1	1	1
720	1	1	1	1
721	1	1	1	1
722	1	1	1	1
723	1	1	1	1
724	1	1	1	1
725	1	1	1	1
726	1	1	1	1
727	1	1	1	1
728	1	1	1	1
729	1	1	1	1
730	1	1	1	1
731	1	1	1	1
732	1	1	1	1
733	1	1	1	1
734	1	1	1	1
735	1	1	1	1
736	1	1	1	1
737	1	1	1	1
738	1	1	1	1
739	1	1	1	1
740	1	1	1	1
741	1	1	1	1
742	1	1	1	1
743	1	1	1	1
744	1	1	1	1
745	1	1	1	1
746	1	1	1	1
747	1	1	1	1
748	1	1	1	1
749	1	1	1	1
750	1	1	1	1
751	1	1	1	1
752	1	1	1	1
753	1	1	1	1
754	1	1	1	1
755	1	1	1	1
756	1	1	1	1
757	1	1	1	1
758	1	1	1	1
759	1	1	1	1
760	1	1	1	1
761	1	1	1	1
762	1	1	1	1
763	1	1	1	1
764	1	1	1	1
765	1	1	1	1
766	1	1	1	1
767	1	1	1	1
768	1	1	1	1
769	1	1	1	1
770	1	1	1	1
771	1	1	1	1
772	1	1	1	1
773	1	1	1	1
774	1	1	1	1
775	1	1	1	1
776	1	1	1	1
777	1	1	1	1
778	1	1	1	1
779	1	1	1	1
780	1	1	1	1
781	1	1	1	1
782	1	1	1	1
783	1	1	1	1
784	1	1	1	1
785	1	1	1	1
786	1	1	1	1
787	1	1	1	1
788	1	1	1	1
789	1	1	1	1
790	1	1	1	1
791	1	1	1	1
792	1	1	1	1
793	1	1	1	1
794	1	1	1	1
795	1	1	1	1
796	1	1	1	1
797	1	1	1	1
798	1	1	1	1
799	1	1	1	1
800	1	1	1	1
801	0.994435486	0.994435486	0.994435486	0.996754034
802	0.988901936	0.988901936	0.988901936	0.993518603
803	0.983399178	0.983399178	0.983399178	0.990293675
804	0.977927039	0.977927039	0.977927039	0.987079215
805	0.972485351	0.972485351	0.972485351	0.983875189
806	0.967073942	0.967073942	0.967073942	0.980681564
807	0.961692646	0.961692646	0.961692646	0.977498304
808	0.956341294	0.956341294	0.956341294	0.974325378
809	0.95101972	0.95101972	0.95101972	0.97116275
810	0.945727757	0.945727757	0.945727757	0.968010388
811	0.940465242	0.940465242	0.940465242	0.964868259
812	0.93523201	0.93523201	0.93523201	0.961736329
813	0.930027899	0.930027899	0.930027899	0.958614565
814	0.924852745	0.924852745	0.924852745	0.955502935
815	0.91970639	0.91970639	0.91970639	0.952401404
816	0.914588671	0.914588671	0.914588671	0.949309941
817	0.909499429	0.909499429	0.909499429	0.946228513
818	0.904438507	0.904438507	0.904438507	0.943157087
819	0.899405746	0.899405746	0.899405746	0.940095631
820	0.894400991	0.894400991	0.894400991	0.937044112
821	0.889424084	0.889424084	0.889424084	0.934002498
822	0.884474871	0.884474871	0.884474871	0.930970758
823	0.879553199	0.879553199	0.879553199	0.927948858
824	0.874658913	0.874658913	0.874658913	0.924936767
825	0.869791861	0.869791861	0.869791861	0.921934453
826	0.864951892	0.864951892	0.864951892	0.918941885
827	0.860138855	0.860138855	0.860138855	0.91595903
828	0.855352601	0.855352601	0.855352601	0.912985858
829	0.850592979	0.850592979	0.850592979	0.910022337
830	0.845859843	0.845859843	0.845859843	0.907068435
831	0.841153044	0.841153044	0.841153044	0.904124121
832	0.836472436	0.836472436	0.836472436	0.901189365
833	0.831817874	0.831817874	0.831817874	0.898264134
834	0.827189212	0.827189212	0.827189212	0.895348399
835	0.822586306	0.822586306	0.822586306	0.892442128
836	0.818009013	0.818009013	0.818009013	0.889545291
837	0.813457191	0.813457191	0.813457191	0.886657857
838	0.808930697	0.808930697	0.808930697	0.883779795
839	0.804429391	0.804429391	0.804429391	0.880911076
840	0.799953132	0.799953132	0.799953132	0.878051668
841	0.795501782	0.795501782	0.795501782	0.875201542
842	0.791075201	0.791075201	0.791075201	0.872360667
843	0.786673252	0.786673252	0.786673252	0.869529013
844	0.782295798	0.782295798	0.782295798	0.866706551
845	0.777942702	0.777942702	0.777942702	0.863893251
846	0.773613829	0.773613829	0.773613829	0.861089083
847	0.769309044	0.769309044	0.769309044	0.858294016
848	0.765028214	0.765028214	0.765028214	0.855508023
849	0.760771204	0.760771204	0.760771204	0.852731072
850	0.756537882	0.756537882	0.756537882	0.849963136
851	0.752328116	0.752328116	0.752328116	0.847204184
852	0.748141776	0.748141776	0.748141776	0.844454188
853	0.743978731	0.743978731	0.743978731	0.841713118
854	0.739838851	0.739838851	0.739838851	0.838980945
855	0.735722007	0.735722007	0.735722007	0.836257641
856	0.731628072	0.731628072	0.731628072	0.833543177
857	0.727556917	0.727556917	0.727556917	0.830837524
858	0.723508417	0.723508417	0.723508417	0.828140653
859	0.719482444	0.719482444	0.719482444	0.825452537
860	0.715478874	0.715478874	0.715478874	0.822773145
861	0.711497582	0.711497582	0.711497582	0.820102451
862	0.707538444	0.707538444	0.707538444	0.817440426
863	0.703601336	0.703601336	0.703601336	0.814787042
864	0.699686137	0.699686137	0.699686137	0.812142271
865	0.695792724	0.695792724	0.695792724	0.809506084
866	0.691920975	0.691920975	0.691920975	0.806878455
867	0.688070772	0.688070772	0.688070772	0.804259354
868	0.684241992	0.684241992	0.684241992	0.801648755
869	0.680434518	0.680434518	0.680434518	0.799046631
870	0.676648231	0.676648231	0.676648231	0.796452952
871	0.672883012	0.672883012	0.672883012	0.793867692
872	0.669138746	0.669138746	0.669138746	0.791290825
873	0.665415314	0.665415314	0.665415314	0.788722321
874	0.661712601	0.661712601	0.661712601	0.786162155
875	0.658030492	0.658030492	0.658030492	0.783610299
876	0.654368872	0.654368872	0.654368872	0.781066726
877	0.650727628	0.650727628	0.650727628	0.77853141
878	0.647106645	0.647106645	0.647106645	0.776004323
879	0.643505811	0.643505811	0.643505811	0.773485439
880	0.639925014	0.639925014	0.639925014	0.770974731
881	0.636364142	0.636364142	0.636364142	0.768472173
882	0.632823085	0.632823085	0.632823085	0.765977738
883	0.629301732	0.629301732	0.629301732	0.7634914
884	0.625799974	0.625799974	0.625799974	0.761013133
885	0.622317701	0.622317701	0.622317701	0.75854291
886	0.618854806	0.618854806	0.618854806	0.756080705
887	0.61541118	0.61541118	0.61541118	0.753626493
888	0.611986716	0.611986716	0.611986716	0.751180246
889	0.608581307	0.608581307	0.608581307	0.74874194
890	0.605194848	0.605194848	0.605194848	0.746311549
891	0.601827233	0.601827233	0.601827233	0.743889047
892	0.598478357	0.598478357	0.598478357	0.741474408
893	0.595148116	0.595148116	0.595148116	0.739067607
894	0.591836406	0.591836406	0.591836406	0.736668618
895	0.588543124	0.588543124	0.588543124	0.734277417
896	0.585268168	0.585268168	0.585268168	0.731893977
897	0.582011435	0.582011435	0.582011435	0.729518274
898	0.578772824	0.578772824	0.578772824	0.727150282
899	0.575552235	0.575552235	0.575552235	0.724789976
900	0.572349566	0.572349566	0.572349566	0.722437333
901	0.569164719	0.569164719	0.569164719	0.720092325
902	0.565997594	0.565997594	0.565997594	0.71775493
903	0.562848093	0.562848093	0.562848093	0.715425121
904	0.559716117	0.559716117	0.559716117	0.713102875
905	0.556601569	0.556601569	0.556601569	0.710788167
906	0.553504352	0.553504352	0.553504352	0.708480973
907	0.550424369	0.550424369	0.550424369	0.706181267
908	0.547361525	0.547361525	0.547361525	0.703889027
909	0.544315724	0.544315724	0.544315724	0.701604227
910	0.541286872	0.541286872	0.541286872	0.699326843
911	0.538274873	0.538274873	0.538274873	0.697056851
912	0.535279635	0.535279635	0.535279635	0.694794228
913	0.532301064	0.532301064	0.532301064	0.69253895
914	0.529339068	0.529339068	0.529339068	0.690290991
915	0.526393553	0.526393553	0.526393553	0.68805033
916	0.523464429	0.523464429	0.523464429	0.685816942
917	0.520551604	0.520551604	0.520551604	0.683590803
918	0.517654987	0.517654987	0.517654987	0.68137189
919	0.514774489	0.514774489	0.514774489	0.67916018
920	0.511910019	0.511910019	0.511910019	0.676955649
921	0.509061489	0.509061489	0.509061489	0.674758273
922	0.506228809	0.506228809	0.506228809	0.672568031
923	0.503411892	0.503411892	0.503411892	0.670384898
924	0.500610649	0.500610649	0.500610649	0.668208851
925	0.497824994	0.497824994	0.497824994	0.666039867
926	0.49505484	0.49505484	0.49505484	0.663877924
927	0.492300101	0.492300101	0.492300101	0.661722999
928	0.48956069	0.48956069	0.48956069	0.659575068
929	0.486836523	0.486836523	0.486836523	0.65743411
930	0.484127514	0.484127514	0.484127514	0.6553001
931	0.48143358	0.48143358	0.48143358	0.653173018
932	0.478754636	0.478754636	0.478754636	0.651052841
933	0.476090599	0.476090599	0.476090599	0.648939545
934	0.473441387	0.473441387	0.473441387	0.646833109
935	0.470806916	0.470806916	0.470806916	0.644733511
936	0.468187104	0.468187104	0.468187104	0.642640727
937	0.46558187	0.46558187	0.46558187	0.640554737
938	0.462991133	0.462991133	0.462991133	0.638475518
939	0.460414813	0.460414813	0.460414813	0.636403048
940	0.457852828	0.457852828	0.457852828	0.634337305
941	0.4553051	0.4553051	0.4553051	0.632278267
942	0.452771548	0.452771548	0.452771548	0.630225913
943	0.450252095	0.450252095	0.450252095	0.628180221
944	0.447746661	0.447746661	0.447746661	0.626141169
945	0.445255168	0.445255168	0.445255168	0.624108736
946	0.44277754	0.44277754	0.44277754	0.6220829
947	0.440313698	0.440313698	0.440313698	0.62006364
948	0.437863566	0.437863566	0.437863566	0.618050934
949	0.435427068	0.435427068	0.435427068	0.616044761
950	0.433004128	0.433004128	0.433004128	0.614045101
951	0.430594671	0.430594671	0.430594671	0.612051931
952	0.428198621	0.428198621	0.428198621	0.610065231
953	0.425815904	0.425815904	0.425815904	0.60808498
954	0.423446445	0.423446445	0.423446445	0.606111156
955	0.421090172	0.421090172	0.421090172	0.60414374
956	0.41874701	0.41874701	0.41874701	0.60218271
957	0.416416886	0.416416886	0.416416886	0.600228045
958	0.414099729	0.414099729	0.414099729	0.598279725
959	0.411795465	0.411795465	0.411795465	0.596337729
960	0.409504023	0.409504023	0.409504023	0.594402036
961	0.407225332	0.407225332	0.407225332	0.592472627
962	0.404959321	0.404959321	0.404959321	0.590549481
963	0.40270592	0.40270592	0.40270592	0.588632577
964	0.400465057	0.400465057	0.400465057	0.586721896
965	0.398236664	0.398236664	0.398236664	0.584817416
966	0.39602067	0.39602067	0.39602067	0.582919119
967	0.393817008	0.393817008	0.393817008	0.581026983
968	0.391625607	0.391625607	0.391625607	0.579140989
969	0.389446401	0.389446401	0.389446401	0.577261116
970	0.387279321	0.387279321	0.387279321	0.575387346
971	0.3851243	0.3851243	0.3851243	0.573519658
972	0.382981271	0.382981271	0.382981271	0.571658033
973	0.380850166	0.380850166	0.380850166	0.56980245
974	0.37873092	0.37873092	0.37873092	0.56795289
975	0.376623467	0.376623467	0.376623467	0.566109334
976	0.37452774	0.37452774	0.37452774	0.564271762
977	0.372443675	0.372443675	0.372443675	0.562440155
978	0.370371207	0.370371207	0.370371207	0.560614493
979	0.368310272	0.368310272	0.368310272	0.558794757
980	0.366260804	0.366260804	0.366260804	0.556980928
981	0.364222741	0.364222741	0.364222741	0.555172987
982	0.362196018	0.362196018	0.362196018	0.553370914
983	0.360180574	0.360180574	0.360180574	0.551574691
984	0.358176344	0.358176344	0.358176344	0.549784298
985	0.356183267	0.356183267	0.356183267	0.547999716
986	0.35420128	0.35420128	0.35420128	0.546220928
987	0.352230322	0.352230322	0.352230322	0.544447913
988	0.350270331	0.350270331	0.350270331	0.542680653
989	0.348321247	0.348321247	0.348321247	0.54091913
990	0.346383009	0.346383009	0.346383009	0.539163325
991	0.344455556	0.344455556	0.344455556	0.537413219
992	0.342538828	0.342538828	0.342538828	0.535668794
993	0.340632766	0.340632766	0.340632766	0.533930031
994	0.33873731	0.33873731	0.33873731	0.532196912
995	0.336852402	0.336852402	0.336852402	0.530469418
996	0.334977982	0.334977982	0.334977982	0.528747532
997	0.333113992	0.333113992	0.333113992	0.527031236
998	0.331260375	0.331260375	0.331260375	0.52532051
999	0.329417072	0.329417072	0.329417072	0.523615337
1000	0.327584026	0.327584026	0.327584026	0.521915699
1001	0.32576118	0.32576118	0.32576118	0.520221579
1002	0.323948478	0.323948478	0.323948478	0.518532957
1003	0.322145862	0.322145862	0.322145862	0.516849816
1004	0.320353277	0.320353277	0.320353277	0.515172139
1005	0.318570666	0.318570666	0.318570666	0.513499908
1006	0.316797976	0.316797976	0.316797976	0.511833104
1007	0.315035149	0.315035149	0.315035149	0.510171711
1008	0.313282131	0.313282131	0.313282131	0.508515711
1009	0.311538869	0.311538869	0.311538869	0.506865086
1010	0.309805306	0.309805306	0.309805306	0.505219819
1011	0.30808139	0.30808139	0.30808139	0.503579892
1012	0.306367067	0.306367067	0.306367067	0.501945289
1013	0.304662283	0.304662283	0.304662283	0.500315991
1014	0.302966986	0.302966986	0.302966986	0.498691983
1015	0.301281122	0.301281122	0.301281122	0.497073245
1016	0.299604639	0.299604639	0.299604639	0.495459762
1017	0.297937485	0.297937485	0.297937485	0.493851516
1018	0.296279607	0.296279607	0.296279607	0.492248491
1019	0.294630955	0.294630955	0.294630955	0.490650669
1020	0.292991477	0.292991477	0.292991477	0.489058033
1021	0.291361122	0.291361122	0.291361122	0.487470567
1022	0.289739839	0.289739839	0.289739839	0.485888254
1023	0.288127578	0.288127578	0.288127578	0.484311077
1024	0.286524288	0.286524288	0.286524288	0.48273902
1025	0.28492992	0.28492992	0.28492992	0.481172065
1026	0.283344423	0.283344423	0.283344423	0.479610197
1027	0.281767749	0.281767749	0.281767749	0.478053398
1028	0.280199849	0.280199849	0.280199849	0.476501653
1029	0.278640673	0.278640673	0.278640673	0.474954944
1030	0.277090173	0.277090173	0.277090173	0.473413257
1031	0.275548301	0.275548301	0.275548301	0.471876573
1032	0.274015008	0.274015008	0.274015008	0.470344878
1033	0.272490248	0.272490248	0.272490248	0.468818154
1034	0.270973972	0.270973972	0.270973972	0.467296386
1035	0.269466134	0.269466134	0.269466134	0.465779558
1036	0.267966686	0.267966686	0.267966686	0.464267653
1037	0.266475582	0.266475582	0.266475582	0.462760656
1038	0.264992774	0.264992774	0.264992774	0.46125855
1039	0.263518218	0.263518218	0.263518218	0.45976132
1040	0.262051868	0.262051868	0.262051868	0.45826895
1041	0.260593676	0.260593676	0.260593676	0.456781425
1042	0.259143599	0.259143599	0.259143599	0.455298728
1043	0.257701591	0.257701591	0.257701591	0.453820843
1044	0.256267607	0.256267607	0.256267607	0.452347756
1045	0.254841602	0.254841602	0.254841602	0.45087945
1046	0.253423533	0.253423533	0.253423533	0.449415911
1047	0.252013354	0.252013354	0.252013354	0.447957122
1048	0.250611022	0.250611022	0.250611022	0.446503068
1049	0.249216494	0.249216494	0.249216494	0.445053734
1050	0.247829725	0.247829725	0.247829725	0.443609105
1051	0.246450673	0.246450673	0.246450673	0.442169164
1052	0.245079295	0.245079295	0.245079295	0.440733898
1053	0.243715548	0.243715548	0.243715548	0.439303291
1054	0.242359389	0.242359389	0.242359389	0.437877327
1055	0.241010777	0.241010777	0.241010777	0.436455992
1056	0.239669669	0.239669669	0.239669669	0.43503927
1057	0.238336024	0.238336024	0.238336024	0.433627148
1058	0.2370098	0.2370098	0.2370098	0.432219608
1059	0.235690956	0.235690956	0.235690956	0.430816638
1060	0.23437945	0.23437945	0.23437945	0.429418222
1061	0.233075242	0.233075242	0.233075242	0.428024345
1062	0.231778292	0.231778292	0.231778292	0.426634992
1063	0.230488558	0.230488558	0.230488558	0.425250149
1064	0.229206002	0.229206002	0.229206002	0.423869801
1065	0.227930582	0.227930582	0.227930582	0.422493934
1066	0.226662259	0.226662259	0.226662259	0.421122533
1067	0.225400994	0.225400994	0.225400994	0.419755584
1068	0.224146747	0.224146747	0.224146747	0.418393071
1069	0.222899479	0.222899479	0.222899479	0.417034981
1070	0.221659152	0.221659152	0.221659152	0.4156813
1071	0.220425726	0.220425726	0.220425726	0.414332012
1072	0.219199164	0.219199164	0.219199164	0.412987104
1073	0.217979427	0.217979427	0.217979427	0.411646562
1074	0.216766478	0.216766478	0.216766478	0.410310371
1075	0.215560278	0.215560278	0.215560278	0.408978517
1076	0.21436079	0.21436079	0.21436079	0.407650987
1077	0.213167976	0.213167976	0.213167976	0.406327765
1078	0.2119818	0.2119818	0.2119818	0.405008839
1079	0.210802224	0.210802224	0.210802224	0.403694194
1080	0.209629212	0.209629212	0.209629212	0.402383816
1081	0.208462728	0.208462728	0.208462728	0.401077692
1082	0.207302734	0.207302734	0.207302734	0.399775807
1083	0.206149195	0.206149195	0.206149195	0.398478148
1084	0.205002075	0.205002075	0.205002075	0.397184702
1085	0.203861338	0.203861338	0.203861338	0.395895453
1086	0.202726949	0.202726949	0.202726949	0.39461039
1087	0.201598872	0.201598872	0.201598872	0.393329498
1088	0.200477072	0.200477072	0.200477072	0.392052764
1089	0.199361515	0.199361515	0.199361515	0.390780174
1090	0.198252165	0.198252165	0.198252165	0.389511714
1091	0.197148988	0.197148988	0.197148988	0.388247372
1092	0.19605195	0.19605195	0.19605195	0.386987134
1093	0.194961016	0.194961016	0.194961016	0.385730987
1094	0.193876153	0.193876153	0.193876153	0.384478917
1095	0.192797326	0.192797326	0.192797326	0.383230912
1096	0.191724503	0.191724503	0.191724503	0.381986957
1097	0.190657649	0.190657649	0.190657649	0.38074704
1098	0.189596732	0.189596732	0.189596732	0.379511148
1099	0.188541718	0.188541718	0.188541718	0.378279268
1100	0.187492575	0.187492575	0.187492575	0.377051386
1101	0.18644927	0.18644927	0.18644927	0.37582749
1102	0.185411771	0.185411771	0.185411771	0.374607566
1103	0.184380044	0.184380044	0.184380044	0.373391603
1104	0.183354059	0.183354059	0.183354059	0.372179586
1105	0.182333783	0.182333783	0.182333783	0.370971504
1106	0.181319184	0.181319184	0.181319184	0.369767343
1107	0.180310231	0.180310231	0.180310231	0.36856709
1108	0.179306892	0.179306892	0.179306892	0.367370734
1109	0.178309136	0.178309136	0.178309136	0.366178261
1110	0.177316933	0.177316933	0.177316933	0.364989658
1111	0.17633025	0.17633025	0.17633025	0.363804914
1112	0.175349058	0.175349058	0.175349058	0.362624016
1113	0.174373326	0.174373326	0.174373326	0.36144695
1114	0.173403023	0.173403023	0.173403023	0.360273706
1115	0.172438119	0.172438119	0.172438119	0.359104269
1116	0.171478585	0.171478585	0.171478585	0.357938629
1117	0.17052439	0.17052439	0.17052439	0.356776772
1118	0.169575505	0.169575505	0.169575505	0.355618687
1119	0.1686319	0.1686319	0.1686319	0.35446436
1120	0.167693545	0.167693545	0.167693545	0.353313781
1121	0.166760412	0.166760412	0.166760412	0.352166936
1122	0.165832471	0.165832471	0.165832471	0.351023814
1123	0.164909694	0.164909694	0.164909694	0.349884403
1124	0.163992052	0.163992052	0.163992052	0.34874869
1125	0.163079516	0.163079516	0.163079516	0.347616663
1126	0.162172058	0.162172058	0.162172058	0.346488311
1127	0.161269649	0.161269649	0.161269649	0.345363622
1128	0.160372262	0.160372262	0.160372262	0.344242583
1129	0.159479868	0.159479868	0.159479868	0.343125183
1130	0.15859244	0.15859244	0.15859244	0.34201141
1131	0.15770995	0.15770995	0.15770995	0.340901253
1132	0.156832371	0.156832371	0.156832371	0.339794699
1133	0.155959675	0.155959675	0.155959675	0.338691737
1134	0.155091836	0.155091836	0.155091836	0.337592355
1135	0.154228825	0.154228825	0.154228825	0.336496541
1136	0.153370616	0.153370616	0.153370616	0.335404285
1137	0.152517184	0.152517184	0.152517184	0.334315574
1138	0.1516685	0.1516685	0.1516685	0.333230396
1139	0.150824538	0.150824538	0.150824538	0.332148742
1140	0.149985273	0.149985273	0.149985273	0.331070598
1141	0.149150678	0.149150678	0.149150678	0.329995954
1142	0.148320727	0.148320727	0.148320727	0.328924798
1143	0.147495394	0.147495394	0.147495394	0.327857119
1144	0.146674654	0.146674654	0.146674654	0.326792906
1145	0.145858481	0.145858481	0.145858481	0.325732147
1146	0.145046849	0.145046849	0.145046849	0.324674832
1147	0.144239734	0.144239734	0.144239734	0.323620948
1148	0.14343711	0.14343711	0.14343711	0.322570486
1149	0.142638952	0.142638952	0.142638952	0.321523433
1150	0.141845236	0.141845236	0.141845236	0.320479778
1151	0.141055936	0.141055936	0.141055936	0.319439512
1152	0.140271028	0.140271028	0.140271028	0.318402622
1153	0.139490488	0.139490488	0.139490488	0.317369098
1154	0.138714291	0.138714291	0.138714291	0.316338928
1155	0.137942414	0.137942414	0.137942414	0.315312103
1156	0.137174831	0.137174831	0.137174831	0.31428861
1157	0.13641152	0.13641152	0.13641152	0.31326844
1158	0.135652456	0.135652456	0.135652456	0.312251581
1159	0.134897616	0.134897616	0.134897616	0.311238023
1160	0.134146977	0.134146977	0.134146977	0.310227755
1161	0.133400514	0.133400514	0.133400514	0.309220766
1162	0.132658205	0.132658205	0.132658205	0.308217046
1163	0.131920026	0.131920026	0.131920026	0.307216583
1164	0.131185956	0.131185956	0.131185956	0.306219369
1165	0.13045597	0.13045597	0.13045597	0.305225391
1166	0.129730046	0.129730046	0.129730046	0.30423464
1167	0.129008161	0.129008161	0.129008161	0.303247104
1168	0.128290293	0.128290293	0.128290293	0.302262774
1169	0.12757642	0.12757642	0.12757642	0.301281639
1170	0.126866519	0.126866519	0.126866519	0.300303689
1171	0.126160569	0.126160569	0.126160569	0.299328914
1172	0.125458547	0.125458547	0.125458547	0.298357302
1173	0.124760431	0.124760431	0.124760431	0.297388844
1174	0.1240662	0.1240662	0.1240662	0.29642353
1175	0.123375832	0.123375832	0.123375832	0.295461349
1176	0.122689305	0.122689305	0.122689305	0.294502292
1177	0.122006599	0.122006599	0.122006599	0.293546347
1178	0.121327691	0.121327691	0.121327691	0.292593505
1179	0.120652562	0.120652562	0.120652562	0.291643757
1180	0.119981189	0.119981189	0.119981189	0.290697091
1181	0.119313552	0.119313552	0.119313552	0.289753498
1182	0.11864963	0.11864963	0.11864963	0.288812968
1183	0.117989402	0.117989402	0.117989402	0.287875491
1184	0.117332849	0.117332849	0.117332849	0.286941056
1185	0.116679948	0.116679948	0.116679948	0.286009655
1186	0.116030681	0.116030681	0.116030681	0.285081278
1187	0.115385027	0.115385027	0.115385027	0.284155913
1188	0.114742965	0.114742965	0.114742965	0.283233553
1189	0.114104477	0.114104477	0.114104477	0.282314186
1190	0.113469541	0.113469541	0.113469541	0.281397804
1191	0.112838138	0.112838138	0.112838138	0.280484396
1192	0.112210248	0.112210248	0.112210248	0.279573953
1193	0.111585853	0.111585853	0.111585853	0.278666465
1194	0.110964932	0.110964932	0.110964932	0.277761923
1195	0.110347466	0.110347466	0.110347466	0.276860318
1196	0.109733436	0.109733436	0.109733436	0.275961638
1197	0.109122823	0.109122823	0.109122823	0.275065876
1198	0.108515607	0.108515607	0.108515607	0.274173021
1199	0.107911771	0.107911771	0.107911771	0.273283065
1200	0.107311294	0.107311294	0.107311294	0.272395997
1201	0.106714159	0.106714159	0.106714159	0.271511809
1202	0.106120347	0.106120347	0.106120347	0.270630491
1203	0.105529838	0.105529838	0.105529838	0.269752033
1204	0.104942616	0.104942616	0.104942616	0.268876427
1205	0.104358662	0.104358662	0.104358662	0.268003664
1206	0.103777956	0.103777956	0.103777956	0.267133733
1207	0.103200482	0.103200482	0.103200482	0.266266626
1208	0.102626222	0.102626222	0.102626222	0.265402333
1209	0.102055157	0.102055157	0.102055157	0.264540846
1210	0.10148727	0.10148727	0.10148727	0.263682155
1211	0.100922542	0.100922542	0.100922542	0.262826252
1212	0.100360957	0.100360957	0.100360957	0.261973127
1213	0.099802497	0.099802497	0.099802497	0.261122771
1214	0.099247145	0.099247145	0.099247145	0.260275175
1215	0.098694883	0.098694883	0.098694883	0.25943033
1216	0.098145694	0.098145694	0.098145694	0.258588228
1217	0.097599561	0.097599561	0.097599561	0.25774886
1218	0.097056467	0.097056467	0.097056467	0.256912215
1219	0.096516395	0.096516395	0.096516395	0.256078287
1220	0.095979328	0.095979328	0.095979328	0.255247065
1221	0.095445249	0.095445249	0.095445249	0.254418542
1222	0.094914143	0.094914143	0.094914143	0.253592708
1223	0.094385992	0.094385992	0.094385992	0.252769555
1224	0.09386078	0.09386078	0.09386078	0.251949073
1225	0.09333849	0.09333849	0.09333849	0.251131255
1226	0.092819107	0.092819107	0.092819107	0.250316091
1227	0.092302614	0.092302614	0.092302614	0.249503574
1228	0.091788995	0.091788995	0.091788995	0.248693693
1229	0.091278233	0.091278233	0.091278233	0.247886442
1230	0.090770314	0.090770314	0.090770314	0.247081811
1231	0.090265222	0.090265222	0.090265222	0.246279792
1232	0.08976294	0.08976294	0.08976294	0.245480376
1233	0.089263453	0.089263453	0.089263453	0.244683555
1234	0.088766745	0.088766745	0.088766745	0.24388932
1235	0.088272801	0.088272801	0.088272801	0.243097664
1236	0.087781606	0.087781606	0.087781606	0.242308577
1237	0.087293144	0.087293144	0.087293144	0.241522051
1238	0.0868074	0.0868074	0.0868074	0.240738079
1239	0.086324359	0.086324359	0.086324359	0.239956651
1240	0.085844006	0.085844006	0.085844006	0.23917776
1241	0.085366326	0.085366326	0.085366326	0.238401397
1242	0.084891304	0.084891304	0.084891304	0.237627554
1243	0.084418925	0.084418925	0.084418925	0.236856223
1244	0.083949174	0.083949174	0.083949174	0.236087396
1245	0.083482038	0.083482038	0.083482038	0.235321064
1246	0.083017501	0.083017501	0.083017501	0.234557219
1247	0.082555549	0.082555549	0.082555549	0.233795855
1248	0.082096168	0.082096168	0.082096168	0.233036961
1249	0.081639342	0.081639342	0.081639342	0.232280531
1250	0.081185059	0.081185059	0.081185059	0.231526556
1251	0.080733304	0.080733304	0.080733304	0.230775029
1252	0.080284062	0.080284062	0.080284062	0.230025941
1253	0.07983732	0.07983732	0.07983732	0.229279284
1254	0.079393065	0.079393065	0.079393065	0.228535051
1255	0.078951281	0.078951281	0.078951281	0.227793234
1256	0.078511955	0.078511955	0.078511955	0.227053825
1257	0.078075074	0.078075074	0.078075074	0.226316816
1258	0.077640625	0.077640625	0.077640625	0.225582199
1259	0.077208592	0.077208592	0.077208592	0.224849967
1260	0.076778964	0.076778964	0.076778964	0.224120112
1261	0.076351726	0.076351726	0.076351726	0.223392625
1262	0.075926866	0.075926866	0.075926866	0.2226675
1263	0.07550437	0.07550437	0.07550437	0.221944729
1264	0.075084225	0.075084225	0.075084225	0.221224304
1265	0.074666418	0.074666418	0.074666418	0.220506217
1266	0.074250935	0.074250935	0.074250935	0.219790461
1267	0.073837765	0.073837765	0.073837765	0.219077029
1268	0.073426894	0.073426894	0.073426894	0.218365912
1269	0.073018309	0.073018309	0.073018309	0.217657104
1270	0.072611997	0.072611997	0.072611997	0.216950596
1271	0.072207947	0.072207947	0.072207947	0.216246382
1272	0.071806145	0.071806145	0.071806145	0.215544453
1273	0.071406578	0.071406578	0.071406578	0.214844803
1274	0.071009236	0.071009236	0.071009236	0.214147424
1275	0.070614104	0.070614104	0.070614104	0.213452309
1276	0.070221171	0.070221171	0.070221171	0.21275945
1277	0.069830424	0.069830424	0.069830424	0.21206884
1278	0.069441851	0.069441851	0.069441851	0.211380472
1279	0.069055441	0.069055441	0.069055441	0.210694338
1280	0.068671181	0.068671181	0.068671181	0.210010431
1281	0.06828906	0.06828906	0.06828906	0.209328744
1282	0.067909064	0.067909064	0.067909064	0.20864927
1283	0.067531183	0.067531183	0.067531183	0.207972002
1284	0.067155405	0.067155405	0.067155405	0.207296931
1285	0.066781718	0.066781718	0.066781718	0.206624053
1286	0.06641011	0.06641011	0.06641011	0.205953358
1287	0.06604057	0.06604057	0.06604057	0.20528484
1288	0.065673086	0.065673086	0.065673086	0.204618492
1289	0.065307648	0.065307648	0.065307648	0.203954308
1290	0.064944242	0.064944242	0.064944242	0.203292279
1291	0.064582859	0.064582859	0.064582859	0.202632399
1292	0.064223487	0.064223487	0.064223487	0.201974661
1293	0.063866115	0.063866115	0.063866115	0.201319058
1294	0.063510731	0.063510731	0.063510731	0.200665583
1295	0.063157324	0.063157324	0.063157324	0.200014229
1296	0.062805884	0.062805884	0.062805884	0.19936499
1297	0.0624564	0.0624564	0.0624564	0.198717858
1298	0.062108861	0.062108861	0.062108861	0.198072826
1299	0.061763255	0.061763255	0.061763255	0.197429889
1300	0.061419573	0.061419573	0.061419573	0.196789038
