Level	Warrior	Paladin	Hunter	Rogue	Priest	Death Knight	Shaman	Mage	Warlock	Monk	Druid
1	42.000000	42.000000	1.000000	42.000000	1.000000	0.000000	1.000000	41.000000	1.000000	0.000000	1.000000
2	55.000000	55.000000	1.000000	55.000000	1.000000	0.000000	1.000000	54.000000	1.000000	0.000000	1.000000
3	71.000000	71.000000	1.000000	71.000000	1.000000	0.000000	1.000000	69.000000	1.000000	0.000000	1.000000
4	86.000000	86.000000	1.000000	86.000000	1.000000	0.000000	1.000000	83.000000	1.000000	0.000000	1.000000
5	102.000000	102.000000	1.000000	102.000000	1.000000	0.000000	1.000000	98.000000	1.000000	0.000000	1.000000
6	120.000000	120.000000	1.000000	120.000000	1.000000	0.000000	1.000000	115.000000	1.000000	0.000000	1.000000
7	137.000000	137.000000	1.000000	137.000000	1.000000	0.000000	1.000000	131.000000	1.000000	0.000000	1.000000
8	156.000000	156.000000	1.000000	156.000000	1.000000	0.000000	1.000000	148.000000	1.000000	0.000000	1.000000
9	176.000000	176.000000	1.000000	176.000000	1.000000	0.000000	1.000000	166.000000	1.000000	0.000000	1.000000
10	198.000000	198.000000	1.000000	198.000000	1.000000	0.000000	1.000000	186.000000	1.000000	0.000000	1.000000
11	222.000000	222.000000	1.000000	222.000000	1.000000	0.000000	1.000000	208.000000	1.000000	0.000000	1.000000
12	247.000000	247.000000	1.000000	247.000000	1.000000	0.000000	1.000000	230.000000	1.000000	0.000000	1.000000
13	273.000000	273.000000	1.000000	273.000000	1.000000	0.000000	1.000000	253.000000	1.000000	0.000000	1.000000
14	300.000000	300.000000	1.000000	300.000000	1.000000	0.000000	1.000000	276.000000	1.000000	0.000000	1.000000
15	328.000000	328.000000	1.000000	328.000000	1.000000	0.000000	1.000000	301.000000	1.000000	0.000000	1.000000
16	356.000000	356.000000	1.000000	356.000000	1.000000	0.000000	1.000000	325.000000	1.000000	0.000000	1.000000
17	386.000000	386.000000	1.000000	386.000000	1.000000	0.000000	1.000000	350.000000	1.000000	0.000000	1.000000
18	417.000000	417.000000	1.000000	417.000000	1.000000	0.000000	1.000000	377.000000	1.000000	0.000000	1.000000
19	449.000000	449.000000	1.000000	449.000000	1.000000	0.000000	1.000000	404.000000	1.000000	0.000000	1.000000
20	484.000000	484.000000	1.000000	484.000000	1.000000	0.000000	1.000000	433.000000	1.000000	0.000000	1.000000
21	521.000000	521.000000	1.000000	521.000000	1.000000	0.000000	1.000000	464.000000	1.000000	0.000000	1.000000
22	562.000000	562.000000	1.000000	562.000000	1.000000	0.000000	1.000000	498.000000	1.000000	0.000000	1.000000
23	605.000000	605.000000	1.000000	605.000000	1.000000	0.000000	1.000000	533.000000	1.000000	0.000000	1.000000
24	651.000000	651.000000	1.000000	651.000000	1.000000	0.000000	1.000000	571.000000	1.000000	0.000000	1.000000
25	699.000000	699.000000	1.000000	699.000000	1.000000	0.000000	1.000000	610.000000	1.000000	0.000000	1.000000
26	750.000000	750.000000	1.000000	750.000000	1.000000	0.000000	1.000000	651.000000	1.000000	0.000000	1.000000
27	800.000000	800.000000	1.000000	800.000000	1.000000	0.000000	1.000000	690.000000	1.000000	0.000000	1.000000
28	853.000000	853.000000	1.000000	853.000000	1.000000	0.000000	1.000000	732.000000	1.000000	0.000000	1.000000
29	905.000000	905.000000	1.000000	905.000000	1.000000	0.000000	1.000000	773.000000	1.000000	0.000000	1.000000
30	955.000000	955.000000	1.000000	955.000000	1.000000	0.000000	1.000000	811.000000	1.000000	0.000000	1.000000
31	1006.000000	1006.000000	1.000000	1006.000000	1.000000	0.000000	1.000000	850.000000	1.000000	0.000000	1.000000
32	1057.000000	1057.000000	1.000000	1057.000000	1.000000	0.000000	1.000000	888.000000	1.000000	0.000000	1.000000
33	1110.000000	1110.000000	1.000000	1110.000000	1.000000	0.000000	1.000000	928.000000	1.000000	0.000000	1.000000
34	1163.000000	1163.000000	1.000000	1163.000000	1.000000	0.000000	1.000000	967.000000	1.000000	0.000000	1.000000
35	1220.000000	1220.000000	1.000000	1220.000000	1.000000	0.000000	1.000000	1009.000000	1.000000	0.000000	1.000000
36	1277.000000	1277.000000	1.000000	1277.000000	1.000000	0.000000	1.000000	1050.000000	1.000000	0.000000	1.000000
37	1336.000000	1336.000000	1.000000	1336.000000	1.000000	0.000000	1.000000	1093.000000	1.000000	0.000000	1.000000
38	1395.000000	1395.000000	1.000000	1395.000000	1.000000	0.000000	1.000000	1135.000000	1.000000	0.000000	1.000000
39	1459.000000	1459.000000	1.000000	1459.000000	1.000000	0.000000	1.000000	1180.000000	1.000000	0.000000	1.000000
40	1524.000000	1524.000000	1.000000	1524.000000	1.000000	0.000000	1.000000	1226.000000	1.000000	0.000000	1.000000
41	1585.000000	1585.000000	1.000000	1585.000000	1.000000	0.000000	1.000000	1268.000000	1.000000	0.000000	1.000000
42	1651.000000	1651.000000	1.000000	1651.000000	1.000000	0.000000	1.000000	1321.000000	1.000000	0.000000	1.000000
43	1716.000000	1716.000000	1.000000	1716.000000	1.000000	0.000000	1.000000	1373.000000	1.000000	0.000000	1.000000
44	1782.000000	1782.000000	1.000000	1782.000000	1.000000	0.000000	1.000000	1426.000000	1.000000	0.000000	1.000000
45	1848.000000	1848.000000	1.000000	1848.000000	1.000000	0.000000	1.000000	1478.000000	1.000000	0.000000	1.000000
46	1919.000000	1919.000000	1.000000	1919.000000	1.000000	0.000000	1.000000	1535.000000	1.000000	0.000000	1.000000
47	1990.000000	1990.000000	1.000000	1990.000000	1.000000	0.000000	1.000000	1592.000000	1.000000	0.000000	1.000000
48	2062.000000	2062.000000	1.000000	2062.000000	1.000000	0.000000	1.000000	1650.000000	1.000000	0.000000	1.000000
49	2138.000000	2138.000000	1.000000	2138.000000	1.000000	0.000000	1.000000	1710.000000	1.000000	0.000000	1.000000
50	2215.000000	2215.000000	1.000000	2215.000000	1.000000	0.000000	1.000000	1772.000000	1.000000	0.000000	1.000000
51	2292.000000	2292.000000	1.000000	2292.000000	1.000000	0.000000	1.000000	1834.000000	1.000000	0.000000	1.000000
52	2371.000000	2371.000000	1.000000	2371.000000	1.000000	0.000000	1.000000	1897.000000	1.000000	0.000000	1.000000
53	2453.000000	2453.000000	1.000000	2453.000000	1.000000	0.000000	1.000000	1962.000000	1.000000	0.000000	1.000000
54	2533.000000	2533.000000	1.000000	2533.000000	1.000000	0.000000	1.000000	2026.000000	1.000000	0.000000	1.000000
55	2614.000000	2614.000000	1.000000	2614.000000	1.000000	0.000000	1.000000	2091.000000	1.000000	0.000000	1.000000
56	2699.000000	2699.000000	1.000000	2699.000000	1.000000	0.000000	1.000000	2159.000000	1.000000	0.000000	1.000000
57	2784.000000	2784.000000	1.000000	2784.000000	1.000000	0.000000	1.000000	2227.000000	1.000000	0.000000	1.000000
58	3989.000000	3989.000000	1.000000	3989.000000	1.000000	0.000000	1.000000	3191.000000	1.000000	0.000000	1.000000
59	4142.000000	4142.000000	1.000000	4142.000000	1.000000	0.000000	1.000000	3313.000000	1.000000	0.000000	1.000000
60	4979.000000	4979.000000	1.000000	4979.000000	1.000000	0.000000	1.000000	3984.000000	1.000000	0.000000	1.000000
61	5158.000000	5158.000000	1.000000	5158.000000	1.000000	0.000000	1.000000	4126.000000	1.000000	0.000000	1.000000
62	5341.000000	5341.000000	1.000000	5341.000000	1.000000	0.000000	1.000000	4272.000000	1.000000	0.000000	1.000000
63	5527.000000	5527.000000	1.000000	5527.000000	1.000000	0.000000	1.000000	4421.000000	1.000000	0.000000	1.000000
64	5715.000000	5715.000000	1.000000	5715.000000	1.000000	0.000000	1.000000	4572.000000	1.000000	0.000000	1.000000
65	5914.000000	5914.000000	1.000000	5914.000000	1.000000	0.000000	1.000000	4731.000000	1.000000	0.000000	1.000000
66	6116.000000	6116.000000	1.000000	6116.000000	1.000000	0.000000	1.000000	4892.000000	1.000000	0.000000	1.000000
67	6326.000000	6326.000000	1.000000	6326.000000	1.000000	0.000000	1.000000	5060.000000	1.000000	0.000000	1.000000
68	6986.000000	6986.000000	1.000000	6986.000000	1.000000	0.000000	1.000000	5588.000000	1.000000	0.000000	1.000000
69	7984.000000	7984.000000	1.000000	7984.000000	1.000000	0.000000	1.000000	6387.000000	1.000000	0.000000	1.000000
70	8982.000000	8982.000000	1.000000	8982.000000	1.000000	0.000000	1.000000	7185.000000	1.000000	0.000000	1.000000
71	9291.000000	9291.000000	1.000000	9291.000000	1.000000	0.000000	1.000000	7432.000000	1.000000	0.000000	1.000000
72	9610.000000	9610.000000	1.000000	9610.000000	1.000000	0.000000	1.000000	7688.000000	1.000000	0.000000	1.000000
73	9940.000000	9940.000000	1.000000	9940.000000	1.000000	0.000000	1.000000	7952.000000	1.000000	0.000000	1.000000
74	10282.000000	10282.000000	1.000000	10282.000000	1.000000	0.000000	1.000000	8225.000000	1.000000	0.000000	1.000000
75	10635.000000	10635.000000	1.000000	10635.000000	1.000000	0.000000	1.000000	8508.000000	1.000000	0.000000	1.000000
76	11001.000000	11001.000000	1.000000	11001.000000	1.000000	0.000000	1.000000	8800.000000	1.000000	0.000000	1.000000
77	11379.000000	11379.000000	1.000000	11379.000000	1.000000	0.000000	1.000000	9103.000000	1.000000	0.000000	1.000000
78	11770.000000	11770.000000	1.000000	11770.000000	1.000000	0.000000	1.000000	9416.000000	1.000000	0.000000	1.000000
79	12175.000000	12175.000000	1.000000	12175.000000	1.000000	0.000000	1.000000	9740.000000	1.000000	0.000000	1.000000
80	12600.000000	12600.000000	1.000000	12600.000000	1.000000	0.000000	1.000000	10080.000000	1.000000	0.000000	1.000000
81	13033.000000	13033.000000	1.000000	13033.000000	1.000000	0.000000	1.000000	10426.000000	1.000000	0.000000	1.000000
82	13481.000000	13481.000000	1.000000	13481.000000	1.000000	0.000000	1.000000	10784.000000	1.000000	0.000000	1.000000
83	13945.000000	13945.000000	1.000000	13945.000000	1.000000	0.000000	1.000000	11156.000000	1.000000	0.000000	1.000000
84	14424.000000	14424.000000	1.000000	14424.000000	1.000000	0.000000	1.000000	11539.000000	1.000000	0.000000	1.000000
85	14921.000000	14921.000000	1.000000	14921.000000	1.000000	0.000000	1.000000	11936.000000	1.000000	0.000000	1.000000
86	15435.000000	15435.000000	1.000000	15435.000000	1.000000	0.000000	1.000000	12348.000000	1.000000	0.000000	1.000000
87	15966.000000	15966.000000	1.000000	15966.000000	1.000000	0.000000	1.000000	12772.000000	1.000000	0.000000	1.000000
88	16515.000000	16515.000000	1.000000	16515.000000	1.000000	0.000000	1.000000	13212.000000	1.000000	0.000000	1.000000
89	17084.000000	17084.000000	1.000000	17084.000000	1.000000	0.000000	1.000000	13667.000000	1.000000	0.000000	1.000000
90	17672.000000	17672.000000	1.000000	17672.000000	1.000000	0.000000	1.000000	14137.000000	1.000000	0.000000	1.000000
91	18280.000000	18280.000000	1.000000	18280.000000	1.000000	0.000000	1.000000	14624.000000	1.000000	0.000000	1.000000
92	18909.000000	18909.000000	1.000000	18909.000000	1.000000	0.000000	1.000000	15127.000000	1.000000	0.000000	1.000000
93	19560.000000	19560.000000	1.000000	19560.000000	1.000000	0.000000	1.000000	15648.000000	1.000000	0.000000	1.000000
94	20233.000000	20233.000000	1.000000	20233.000000	1.000000	0.000000	1.000000	16186.000000	1.000000	0.000000	1.000000
95	20930.000000	20930.000000	1.000000	20930.000000	1.000000	0.000000	1.000000	16744.000000	1.000000	0.000000	1.000000
96	21650.000000	21650.000000	1.000000	21650.000000	1.000000	0.000000	1.000000	17320.000000	1.000000	0.000000	1.000000
97	22395.000000	22395.000000	1.000000	22395.000000	1.000000	0.000000	1.000000	17916.000000	1.000000	0.000000	1.000000
98	23166.000000	23166.000000	1.000000	23166.000000	1.000000	0.000000	1.000000	18532.000000	1.000000	0.000000	1.000000
99	23964.000000	23964.000000	1.000000	23964.000000	1.000000	0.000000	1.000000	19171.000000	1.000000	0.000000	1.000000
100	24788.000000	24788.000000	1.000000	24788.000000	1.000000	0.000000	1.000000	19830.000000	1.000000	0.000000	1.000000
